15
1 7 0 64 25 64 25 57 39 57 39 52 16 52 0 57
2 6 25 64 60 64 60 57 51 57 51 61 25 61
3 6 25 61 25 57 39 57 39 47 46 47 46 61
4 8 51 61 46 61 46 53 56 50 75 50 82 47 90 57 51 57
5 8 84 57 84 64 100 64 100 43 92 43 92 47 82 47 90 57
6 6 0 57 16 52 16 46 25 46 25 40 0 40
7 7 0 40 9 40 7 30 12 20 21 20 21 13 0 13
8 9 0 13 0 0 57 0 57 6 38 6 38 25 29 25 21 20 21 13
9 8 39 52 16 52 16 46 25 46 25 40 32 40 32 47 39 47
10 7 9 40 7 30 12 20 21 20 29 25 29 33 17 40
11 11 17 40 29 33 29 25 38 25 38 6 66 6 66 40 46 40 46 47 32 47 32 40
12 11 46 53 46 40 66 40 66 35 100 35 100 43 92 43 92 47 82 47 75 50 56 50
13 10 100 35 66 35 66 23 82 23 82 13 75 13 75 7 89 7 89 29 100 29
14 10 82 23 66 23 66 6 57 6 57 0 82 0 82 7 75 7 75 13 82 13
15 6 100 29 89 29 89 7 82 7 82 0 100 0
16 8 60 64 0 64 0 0 100 0 100 64 84 64 84 57 60 57

