15
1 7 75 30 75 37 89 37 89 42 66 42 50 37 50 30
2 6 85 30 85 37 76 37 76 33 50 33 50 30
3 6 50 26 64 26 64 16 71 16 71 30 50 30
4 8 45 30 45 38 55 41 74 41 81 44 89 34 50 34 50 30
5 8 50 30 50 37 66 37 66 16 58 16 58 20 48 20 56 30
6 6 75 19 75 13 50 13 50 30 66 25 66 19
7 7 71 10 71 3 50 3 50 30 59 30 57 20 62 10
8 9 50 43 107 43 107 37 88 37 88 18 79 18 71 23 71 30 50 30
9 8 43 42 43 35 50 35 50 30 27 30 27 36 36 36 36 42
10 7 50 30 48 20 53 10 62 10 70 15 70 23 58 30
11 11 50 30 62 37 62 45 71 45 71 64 99 64 99 30 79 30 79 23 65 23 65 30
12 11 70 12 104 12 104 20 96 20 96 24 86 24 79 27 60 27 50 30 50 17 70 17
13 10 50 30 16 30 16 18 32 18 32 8 25 8 25 2 39 2 39 24 50 24
14 10 50 30 34 30 34 47 25 47 25 53 50 53 50 46 43 46 43 40 50 40
15 6 32 1 50 1 50 30 39 30 39 8 32 8
16 8 60 64 0 64 0 0 100 0 100 64 84 64 84 57 60 57
